[65, 97] [(65, 97)]
[12, 13, 26] [(12, 13), (12, 26)]
[1, 12, 13, 26, 48, 50, 56, 69, 99] [(12, 13), (12, 26), (69, 99), (13, 48), (1, 56), (26, 69), (56, 99), (48, 50)]
[2, 5, 6, 7, 8, 9, 10, 11, 12, 13, 14, 15, 16, 17, 18, 19, 20, 21, 22, 23, 24, 25, 26, 27, 28, 29, 30, 31, 32, 33, 34, 35, 44, 45, 46, 49, 53, 54, 55, 56, 57, 58, 59, 60, 61, 65, 66, 67, 73, 74, 75, 76, 77, 78, 79, 80, 81, 82, 83, 89, 92, 94, 96, 99, 100] [(10, 28), (10, 28), (8, 13), (53, 60), (53, 60), (32, 89), (32, 89), (2, 32), (2, 32), (8, 92), (6, 32), (65, 89), (89, 96), (89, 96), (89, 96), (8, 89), (8, 89), (8, 89), (8, 32)]
[30, 60] []
[1, 6, 7, 11, 12, 13, 18, 19, 20, 23, 24, 30, 38, 42, 43, 44, 45, 46, 47, 48, 49, 50, 56, 67, 68, 69, 80, 84, 86, 87, 89, 90, 92, 94, 96] [(19, 86), (7, 24), (46, 84), (11, 44), (47, 92), (80, 89), (23, 68), (67, 94), (13, 48), (68, 92), (1, 56), (38, 47), (12, 69), (30, 49), (24, 90), (49, 86), (38, 42), (23, 49), (45, 86), (19, 89), (11, 43), (12, 43), (13, 90), (44, 45), (94, 96), (67, 87), (49, 96), (1, 87), (42, 48), (18, 80), (20, 89), (46, 50), (42, 80), (6, 90), (48, 50), (20, 90), (1, 6), (18, 30), (6, 68), (19, 45), (45, 69), (56, 86), (7, 49), (43, 84)]
[1, 2, 3, 4, 5, 6, 7, 8, 9, 10, 11, 12, 13, 14, 15, 16, 17, 18, 19, 20] [(1, 13), (16, 8), (18, 16), (8, 7), (2, 18), (17, 20), (13, 9), (3, 1), (20, 11), (19, 2), (12, 3), (6, 12), (11, 15), (7, 5), (14, 19), (15, 14), (9, 10), (5, 4), (4, 6), (6, 11), (10, 17)]
[1, 6, 7, 8, 9, 10, 12, 13, 20, 22, 23, 24, 26, 27, 28, 29, 30, 33, 34, 35, 36, 37, 39, 40, 41, 43, 44, 46, 52, 56, 57, 58, 59, 60, 61, 62, 64, 65, 68, 69, 72, 73, 77, 79, 80, 81, 83, 84, 85, 88, 93, 96, 100] [(44, 96), (56, 7), (100, 1), (84, 57), (81, 37), (34, 77), (12, 85), (36, 30), (65, 64), (26, 69), (8, 24), (73, 34), (60, 73), (52, 68), (46, 65), (69, 83), (57, 41), (41, 58), (77, 6), (27, 52), (62, 8), (64, 12), (80, 28), (61, 93), (85, 60), (7, 10), (33, 23), (29, 79), (37, 22), (10, 59), (9, 27), (88, 46), (6, 84), (83, 40), (30, 33), (13, 36), (12, 100), (84, 62), (79, 39), (59, 13), (35, 44), (40, 72), (22, 20), (24, 80), (68, 9), (96, 84), (23, 43), (58, 88), (20, 35), (1, 61), (28, 56), (93, 58), (39, 24), (33, 26), (72, 81), (43, 29)]
[1, 2, 9, 11, 12, 26, 29, 30, 33, 46, 50, 64, 65, 68, 74, 76, 88, 98, 100] [(100, 1), (9, 76), (65, 64), (50, 74), (46, 65), (33, 98), (11, 88), (98, 11), (64, 12), (26, 68), (88, 46), (76, 30), (30, 33), (12, 100), (74, 65), (2, 26), (68, 9), (29, 50), (2, 29)]
[1, 12, 20, 25, 29, 35, 43, 50, 62, 64, 84, 100] [(100, 1), (64, 12), (35, 84), (25, 43), (20, 43), (35, 64), (62, 25), (12, 100), (84, 62), (20, 35), (29, 50), (43, 29)]
